2018-12-12-17:01:57	2018-12-12-16:01:56	72	342900	69	326500	77	360900	79	369000	16	65300	13	39100	19	69600	17	57700	0	0	0	0	42	0	0	0.180311	0.158968	0.233574	\00\00\00\00\00\00\00\00\00\00\00\00\00\00\00\00\00\00\00\00\00\00\00\00\00\00\00\00\00\00\00\00\00\00\00\00\00\00\00\00\00\00\00\00\00\00\00\00\00\00\00\00\00\00\00\00\00\00\00\00\00\00\00\00\00\00\00\00\00\00\00\00\00\00\00\00\00\00\00\00\00\00\00\00\00\00\00\00\00\00\00\00\00\00\00\00
2018-12-12-18:01:58	2018-12-12-17:01:57	59	306600	71	348100	79	367800	76	366900	10	44000	15	59700	25	93900	22	81400	0	0	0	0	40	0	0	0.427661	0.298754	0.414762	\00\00\00\00\00\00\00\00\00\00\00\00\00\00\00\00\00\00\00\00\00\00\00\00\00\00\00\00\00\00\00\00\00\00\00\00\00\00\00\00\00\00\00\00\00\00\00\00\00\00\00\00\00\00\00\00\00\00\00\00\00\00\00\00\00\00\00\00\00\00\00\00\00\00\00\00\00\00\00\00\00\00\00\00\00\00\00\00\00\00\00\00\00\00\00\00
2018-12-12-19:01:59	2018-12-12-18:01:58	80	395400	75	374700	79	369600	71	355500	21	86300	16	62700	18	46100	15	52900	0	0	0	0	39	0	0	0.618834	0.441897	0.661675	\00\00\00\00\00\00\00\00\00\00\00\00\00\00\00\00\00\00\00\00\00\00\00\00\00\00\00\00\00\00\00\00\00\00\00\00\00\00\00\00\00\00\00\00\00\00\00\00\00\00\00\00\00\00\00\00\00\00\00\00\00\00\00\00\00\00\00\00\00\00\00\00\00\00\00\00\00\00\00\00\00\00\00\00\00\00\00\00\00\00\00\00\00\00\00
2018-12-12-20:02:00	2018-12-12-19:01:59	68	359400	68	320100	74	379000	73	372900	13	52300	15	42100	18	71300	12	40800	0	0	0	0	44	0	0	0.834507	0.55123	0.819342	\00\00\00\00\00\00\00\00\00\00\00\00\00\00\00\00\00\00\00\00\00\00\00\00\00\00\00\00\00\00\00\00\00\00\00\00\00\00\00\00\00\00\00\00\00\00\00\00\00\00\00\00\00\00\00\00\00\00\00\00\00\00\00\00\00\00\00\00\00\00\00\00\00\00\00\00\00\00\00\00\00\00\00\00\00\00\00\00\00\00\00\00\00\00\00\00
2018-12-12-21:02:01	2018-12-12-20:02:00	75	381000	75	361400	81	366000	72	352800	14	50000	21	72900	27	99900	15	55300	0	0	0	0	44	0	0	1.09711	0.689748	1.01087	\00\00\00\00\00\00\00\00\00\00\00\00\00\00\00\00\00\00\00\00\00\00\00\00\00\00\00\00\00\00\00\00\00\00\00\00\00\00\00\00\00\00\00\00\00\00\00\00\00\00\00\00\00\00\00\00\00\00\00\00\00\00\00\00\00\00\00\00\00\00\00\00\00\00\00\00\00\00\00\00\00\00\00\00\00\00\00\00\00\00\00\00\00\00\00\00\00
2018-12-12-22:02:02	2018-12-12-21:02:01	74	346300	84	415000	76	321700	85	393500	17	60500	23	76800	23	68800	18	55300	0	0	0	0	46	0	0	1.39	0.942858	1.19389	\00\00\00\00\00\00\00\00\00\00\00\00\00\00\00\00\00\00\00\00\00\00\00\00\00\00\00\00\00\00\00\00\00\00\00\00\00\00\00\00\00\00\00\00\00\00\00\00\00\00\00\00\00\00\00\00\00\00\00\00\00\00\00\00\00\00\00\00\00\00\00\00\00\00\00\00\00\00\00\00\00\00\00\00\00\00\00\00\00\00\00\00\00\00\00\00\00\00\00\00
2018-12-12-23:02:03	2018-12-12-22:02:02	77	400200	78	390300	81	363300	79	387800	20	68700	16	64300	20	69300	23	76800	0	0	0	0	49	0	0	1.58768	1.10851	1.40168	\00\00\00\00\00\00\00\00\00\00\00\00\00\00\00\00\00\00\00\00\00\00\00\00\00\00\00\00\00\00\00\00\00\00\00\00\00\00\00\00\00\00\00\00\00\00\00\00\00\00\00\00\00\00\00\00\00\00\00\00\00\00\00\00\00\00\00\00\00\00\00\00\00\00\00\00\00\00\00\00\00\00\00\00\00\00\00\00\00\00\00\00\00\00\00\00\00\00
2018-12-13-00:02:04	2018-12-12-23:02:03	80	360000	73	377200	74	361400	84	435900	20	78900	23	92200	15	44400	16	67800	0	0	0	0	43	0	0	1.87204	1.24945	1.66153	\00\00\00\00\00\00\00\00\00\00\00\00\00\00\00\00\00\00\00\00\00\00\00\00\00\00\00\00\00\00\00\00\00\00\00\00\00\00\00\00\00\00\00\00\00\00\00\00\00\00\00\00\00\00\00\00\00\00\00\00\00\00\00\00\00\00\00\00\00\00\00\00\00\00\00\00\00\00\00\00\00\00\00\00\00\00\00\00\00\00\00\00\00\00\00\00\00\00
2018-12-13-01:02:05	2018-12-13-00:02:04	72	339400	88	401800	88	468400	90	417800	21	56900	20	66300	20	89500	29	117500	0	0	0	0	47	0	0	2.14485	1.43611	1.92577	\00\00\00\00\00\00\00\00\00\00\00\00\00\00\00\00\00\00\00\00\00\00\00\00\00\00\00\00\00\00\00\00\00\00\00\00\00\00\00\00\00\00\00\00\00\00\00\00\00\00\00\00\00\00\00\00\00\00\00\00\00\00\00\00\00\00\00\00\00\00\00\00\00\00\00\00\00\00\00\00\00\00\00\00\00\00\00\00\00\00\00\00\00\00\00\00\00
2018-12-13-02:02:06	2018-12-13-01:02:05	62	279700	74	376900	68	329500	83	431300	17	67800	23	99100	18	62700	17	68500	0	0	0	0	39	0	0	2.3595	1.60513	2.17705	\00\00\00\00\00\00\00\00\00\00\00\00\00\00\00\00\00\00\00\00\00\00\00\00\00\00\00\00\00\00\00\00\00\00\00\00\00\00\00\00\00\00\00\00\00\00\00\00\00\00\00\00\00\00\00\00\00\00\00\00\00\00\00\00\00\00\00\00\00\00\00\00\00\00\00\00\00\00\00\00\00\00\00\00\00\00\00\00\00\00\00\00\00\00\00\00\00\00\00
2018-12-13-03:02:07	2018-12-13-02:02:06	79	420800	71	341500	81	368000	88	420200	21	86500	18	65800	21	68700	17	61200	0	0	0	0	41	0	0	2.5912	1.70364	2.45114	\00\00\00\00\00\00\00\00\00\00\00\00\00\00\00\00\00\00\00\00\00\00\00\00\00\00\00\00\00\00\00\00\00\00\00\00\00\00\00\00\00\00\00\00\00\00\00\00\00\00\00\00\00\00\00\00\00\00\00\00\00\00\00\00\00\00\00\00\00\00\00\00\00\00\00\00\00\00\00\00\00\00\00\00\00\00\00\00\00\00\00\00\00\00\00\00\00\00\00
2018-12-13-04:02:08	2018-12-13-03:02:07	69	318900	75	329700	67	299600	72	355100	10	42000	16	57500	15	49100	12	39700	0	0	0	0	41	0	0	2.80826	1.80688	2.64974	\00\00\00\00\00\00\00\00\00\00\00\00\00\00\00\00\00\00\00\00\00\00\00\00\00\00\00\00\00\00\00\00\00\00\00\00\00\00\00\00\00\00\00\00\00\00\00\00\00\00\00\00\00\00\00\00\00\00\00\00\00\00\00\00\00\00\00\00\00\00\00\00\00\00\00\00\00\00\00\00\00\00\00\00\00\00\00\00\00\00\00\00\00\00\00\00\00\00
2018-12-13-05:02:09	2018-12-13-04:02:08	79	369100	79	398000	78	369200	72	360100	20	67900	17	69500	17	54000	10	39300	0	0	0	0	38	0	0	3.04479	2.03958	2.84888	\00\00\00\00\00\00\00\00\00\00\00\00\00\00\00\00\00\00\00\00\00\00\00\00\00\00\00\00\00\00\00\00\00\00\00\00\00\00\00\00\00\00\00\00\00\00\00\00\00\00\00\00\00\00\00\00\00\00\00\00\00\00\00\00\00\00\00\00\00\00\00\00\00\00\00\00\00\00\00\00\00\00\00\00\00\00\00\00\00\00\00\00\00\00\00\00\00\00
2018-12-13-06:02:10	2018-12-13-05:02:09	81	419200	66	296900	79	352600	75	394800	17	72200	16	47100	16	48300	12	43600	0	0	0	0	46	0	0	3.33873	2.16572	3.0286	\00\00\00\00\00\00\00\00\00\00\00\00\00\00\00\00\00\00\00\00\00\00\00\00\00\00\00\00\00\00\00\00\00\00\00\00\00\00\00\00\00\00\00\00\00\00\00\00\00\00\00\00\00\00\00\00\00\00\00\00\00\00\00\00\00\00\00\00\00\00\00\00\00\00\00\00\00\00\00\00\00\00\00\00\00\00\00\00\00\00\00\00\00\00\00\00\00\00\00
2018-12-13-07:02:11	2018-12-13-06:02:10	95	467500	66	320700	71	319100	77	368800	25	87900	13	39000	18	57800	18	70500	0	0	0	0	42	0	0	3.57998	2.32797	3.2243	\00\00\00\00\00\00\00\00\00\00\00\00\00\00\00\00\00\00\00\00\00\00\00\00\00\00\00\00\00\00\00\00\00\00\00\00\00\00\00\00\00\00\00\00\00\00\00\00\00\00\00\00\00\00\00\00\00\00\00\00\00\00\00\00\00\00\00\00\00\00\00\00\00\00\00\00\00\00\00\00\00\00\00\00\00\00\00\00\00\00\00\00\00\00\00\00\00\00\00
2018-12-13-08:02:12	2018-12-13-07:02:11	72	351600	72	352500	65	314900	82	399900	18	63300	12	44100	9	30400	15	39000	0	0	0	0	45	0	0	3.80808	2.49796	3.49061	\00\00\00\00\00\00\00\00\00\00\00\00\00\00\00\00\00\00\00\00\00\00\00\00\00\00\00\00\00\00\00\00\00\00\00\00\00\00\00\00\00\00\00\00\00\00\00\00\00\00\00\00\00\00\00\00\00\00\00\00\00\00\00\00\00\00\00\00\00\00\00\00\00\00\00\00\00\00\00\00\00\00\00\00\00\00\00\00\00\00\00\00\00\00\00\00\00\00\00
2018-12-13-09:02:13	2018-12-13-08:02:12	65	294600	82	401700	77	359600	81	353900	8	23400	21	75000	17	59600	20	60800	0	0	0	0	44	0	0	4.09029	2.64593	3.71018	\00\00\00\00\00\00\00\00\00\00\00\00\00\00\00\00\00\00\00\00\00\00\00\00\00\00\00\00\00\00\00\00\00\00\00\00\00\00\00\00\00\00\00\00\00\00\00\00\00\00\00\00\00\00\00\00\00\00\00\00\00\00\00\00\00\00\00\00\00\00\00\00\00\00\00\00\00\00\00\00\00\00\00\00\00\00\00\00\00\00\00\00\00\00\00\00\00\00\00
2018-12-13-10:02:14	2018-12-13-09:02:13	71	321400	84	376400	75	354600	84	423800	20	73100	21	68400	24	89400	25	90100	0	0	0	0	41	0	0	4.33127	2.77556	3.94509	\00\00\00\00\00\00\00\00\00\00\00\00\00\00\00\00\00\00\00\00\00\00\00\00\00\00\00\00\00\00\00\00\00\00\00\00\00\00\00\00\00\00\00\00\00\00\00\00\00\00\00\00\00\00\00\00\00\00\00\00\00\00\00\00\00\00\00\00\00\00\00\00\00\00\00\00\00\00\00\00\00\00\00\00\00\00\00\00\00\00\00\00\00\00\00\00\00\00
2018-12-13-11:02:15	2018-12-13-10:02:14	83	461400	77	373500	88	436100	83	387300	17	67400	19	70700	23	91900	24	96000	0	0	0	0	50	0	0	4.53921	2.89426	4.16924	\00\00\00\00\00\00\00\00\00\00\00\00\00\00\00\00\00\00\00\00\00\00\00\00\00\00\00\00\00\00\00\00\00\00\00\00\00\00\00\00\00\00\00\00\00\00\00\00\00\00\00\00\00\00\00\00\00\00\00\00\00\00\00\00\00\00\00\00\00\00\00\00\00\00\00\00\00\00\00\00\00\00\00\00\00\00\00\00\00\00\00\00\00\00\00\00\00\00
2018-12-13-12:02:16	2018-12-13-11:02:15	65	288800	74	351400	68	299700	66	333500	18	70500	19	57300	19	66400	13	51200	0	0	0	0	47	0	0	4.74579	2.98647	4.32289	\00\00\00\00\00\00\00\00\00\00\00\00\00\00\00\00\00\00\00\00\00\00\00\00\00\00\00\00\00\00\00\00\00\00\00\00\00\00\00\00\00\00\00\00\00\00\00\00\00\00\00\00\00\00\00\00\00\00\00\00\00\00\00\00\00\00\00\00\00\00\00\00\00\00\00\00\00\00\00\00\00\00\00\00\00\00\00\00\00\00\00\00\00\00\00\00\00\00
2018-12-13-13:02:17	2018-12-13-12:02:16	81	367900	60	273900	60	284300	72	328400	26	90500	15	47000	18	68100	17	68400	0	0	0	0	42	0	0	4.97635	3.14375	4.53856	\00\00\00\00\00\00\00\00\00\00\00\00\00\00\00\00\00\00\00\00\00\00\00\00\00\00\00\00\00\00\00\00\00\00\00\00\00\00\00\00\00\00\00\00\00\00\00\00\00\00\00\00\00\00\00\00\00\00\00\00\00\00\00\00\00\00\00\00\00\00\00\00\00\00\00\00\00\00\00\00\00\00\00\00\00\00\00\00\00\00\00\00\00\00\00\00\00\00
2018-12-13-14:02:18	2018-12-13-13:02:17	75	361600	80	321600	81	396300	83	395200	23	78700	20	52700	16	53700	23	68900	0	0	0	0	48	0	0	5.20499	3.28365	4.76547	\00\00\00\00\00\00\00\00\00\00\00\00\00\00\00\00\00\00\00\00\00\00\00\00\00\00\00\00\00\00\00\00\00\00\00\00\00\00\00\00\00\00\00\00\00\00\00\00\00\00\00\00\00\00\00\00\00\00\00\00\00\00\00\00\00\00\00\00\00\00\00\00\00\00\00\00\00\00\00\00\00\00\00\00\00\00\00\00\00\00\00\00\00\00\00\00\00\00
2018-12-13-15:02:19	2018-12-13-14:02:18	87	447900	70	350900	64	326200	83	391500	20	71800	16	67300	12	48400	27	90500	0	0	0	0	53	0	0	5.45425	3.43164	4.96093	\00\00\00\00\00\00\00\00\00\00\00\00\00\00\00\00\00\00\00\00\00\00\00\00\00\00\00\00\00\00\00\00\00\00\00\00\00\00\00\00\00\00\00\00\00\00\00\00\00\00\00\00\00\00\00\00\00\00\00\00\00\00\00\00\00\00\00\00\00\00\00\00\00\00\00\00\00\00\00\00\00\00\00\00\00\00\00\00\00\00\00\00\00\00\00\00\00
2018-12-13-16:02:20	2018-12-13-15:02:19	66	290200	57	248800	73	383300	56	263400	16	56000	19	56800	14	36600	9	29000	0	0	0	0	45	0	0	5.63176	3.57076	5.12222	\00\00\00\00\00\00\00\00\00\00\00\00\00\00\00\00\00\00\00\00\00\00\00\00\00\00\00\00\00\00\00\00\00\00\00\00\00\00\00\00\00\00\00\00\00\00\00\00\00\00\00\00\00\00\00\00\00\00\00\00\00\00\00\00\00\00\00\00\00\00\00\00\00\00\00\00\00\00\00\00\00\00\00\00\00\00\00\00\00\00\00\00\00\00\00\00\00\00
2018-12-13-17:02:21	2018-12-13-16:02:20	84	386200	75	364400	76	346500	71	382100	25	85300	16	61300	23	78600	17	71000	0	0	0	0	44	0	0	5.88109	3.74418	5.29335	\00\00\00\00\00\00\00\00\00\00\00\00\00\00\00\00\00\00\00\00\00\00\00\00\00\00\00\00\00\00\00\00\00\00\00\00\00\00\00\00\00\00\00\00\00\00\00\00\00\00\00\00\00\00\00\00\00\00\00\00\00\00\00\00\00\00\00\00\00\00\00\00\00\00\00\00\00\00\00\00\00\00\00\00\00\00\00\00\00\00\00\00\00\00\00\00\00
2018-12-13-18:02:22	2018-12-13-17:02:21	92	405800	69	327500	89	408900	88	403800	35	122800	21	73400	25	98400	30	127000	0	0	0	0	45	0	0	6.0825	3.90808	5.52688	\00\00\00\00\00\00\00\00\00\00\00\00\00\00\00\00\00\00\00\00\00\00\00\00\00\00\00\00\00\00\00\00\00\00\00\00\00\00\00\00\00\00\00\00\00\00\00\00\00\00\00\00\00\00\00\00\00\00\00\00\00\00\00\00\00\00\00\00\00\00\00\00\00\00\00\00\00\00\00\00\00\00\00\00\00\00\00\00\00\00\00\00\00\00\00\00
2018-12-13-19:02:23	2018-12-13-18:02:22	79	387600	83	411900	82	382000	76	360700	19	73800	20	68200	19	73200	26	104900	0	0	0	0	51	0	0	6.33146	4.11515	5.73128	\00\00\00\00\00\00\00\00\00\00\00\00\00\00\00\00\00\00\00\00\00\00\00\00\00\00\00\00\00\00\00\00\00\00\00\00\00\00\00\00\00\00\00\00\00\00\00\00\00\00\00\00\00\00\00\00\00\00\00\00\00\00\00\00\00\00\00\00\00\00\00\00\00\00\00\00\00\00\00\00\00\00\00\00\00\00\00\00\00\00\00\00\00\00\00\00
2018-12-13-20:02:24	2018-12-13-19:02:23	74	400500	78	367200	63	279800	79	354900	9	40800	16	62200	14	41900	18	59800	0	0	0	0	50	0	0	6.63123	4.23703	5.95627	\00\00\00\00\00\00\00\00\00\00\00\00\00\00\00\00\00\00\00\00\00\00\00\00\00\00\00\00\00\00\00\00\00\00\00\00\00\00\00\00\00\00\00\00\00\00\00\00\00\00\00\00\00\00\00\00\00\00\00\00\00\00\00\00\00\00\00\00\00\00\00\00\00\00\00\00\00\00\00\00\00\00\00\00\00\00\00\00\00\00\00\00\00\00\00\00\00\00
2018-12-13-21:02:25	2018-12-13-20:02:24	75	348200	74	341100	74	339700	84	419100	15	50800	21	74700	24	85500	20	76000	0	0	0	0	54	0	0	6.81374	4.3586	6.19964	\00\00\00\00\00\00\00\00\00\00\00\00\00\00\00\00\00\00\00\00\00\00\00\00\00\00\00\00\00\00\00\00\00\00\00\00\00\00\00\00\00\00\00\00\00\00\00\00\00\00\00\00\00\00\00\00\00\00\00\00\00\00\00\00\00\00\00\00\00\00\00\00\00\00\00\00\00\00\00\00\00\00\00\00\00\00\00\00\00\00\00\00\00\00\00\00\00\00
2018-12-13-22:02:26	2018-12-13-21:02:25	82	374800	83	396900	75	336700	69	334500	26	86200	19	70300	16	54800	21	70800	0	0	0	0	45	0	0	6.99325	4.51501	6.38212	\00\00\00\00\00\00\00\00\00\00\00\00\00\00\00\00\00\00\00\00\00\00\00\00\00\00\00\00\00\00\00\00\00\00\00\00\00\00\00\00\00\00\00\00\00\00\00\00\00\00\00\00\00\00\00\00\00\00\00\00\00\00\00\00\00\00\00\00\00\00\00\00\00\00\00\00\00\00\00\00\00\00\00\00\00\00\00\00\00\00\00\00\00\00\00\00\00
2018-12-13-23:02:27	2018-12-13-22:02:26	62	287900	84	414400	81	401900	82	362900	15	63500	20	72700	18	73500	19	56000	0	0	0	0	56	0	0	7.16496	4.66206	6.58967	\00\00\00\00\00\00\00\00\00\00\00\00\00\00\00\00\00\00\00\00\00\00\00\00\00\00\00\00\00\00\00\00\00\00\00\00\00\00\00\00\00\00\00\00\00\00\00\00\00\00\00\00\00\00\00\00\00\00\00\00\00\00\00\00\00\00\00\00\00\00\00\00\00\00\00\00\00\00\00\00\00\00\00\00\00\00\00\00\00\00\00\00\00\00\00\00\00
2018-12-14-00:02:28	2018-12-13-23:02:27	89	413600	76	335200	85	424700	76	333400	26	93100	23	86100	21	84900	23	91100	0	0	0	0	46	0	0	7.48295	4.81336	6.78103	\00\00\00\00\00\00\00\00\00\00\00\00\00\00\00\00\00\00\00\00\00\00\00\00\00\00\00\00\00\00\00\00\00\00\00\00\00\00\00\00\00\00\00\00\00\00\00\00\00\00\00\00\00\00\00\00\00\00\00\00\00\00\00\00\00\00\00\00\00\00\00\00\00\00\00\00\00\00\00\00\00\00\00\00\00\00\00\00\00\00\00\00\00\00\00\00\00
2018-12-14-01:02:29	2018-12-14-00:02:28	82	412400	79	324300	59	280600	65	324200	19	78600	27	71900	11	38500	12	43700	0	0	0	0	58	0	0	7.68489	4.97425	6.92447	\00\00\00\00\00\00\00\00\00\00\00\00\00\00\00\00\00\00\00\00\00\00\00\00\00\00\00\00\00\00\00\00\00\00\00\00\00\00\00\00\00\00\00\00\00\00\00\00\00\00\00\00\00\00\00\00\00\00\00\00\00\00\00\00\00\00\00\00\00\00\00\00\00\00\00\00\00\00\00\00\00\00\00\00\00\00\00\00\00\00\00\00\00\00\00\00\00
2018-12-14-02:02:30	2018-12-14-01:02:29	90	427100	66	318300	75	377000	68	296000	24	94100	11	33000	23	90300	18	60300	0	0	0	0	47	0	0	7.91312	5.06174	7.06731	\00\00\00\00\00\00\00\00\00\00\00\00\00\00\00\00\00\00\00\00\00\00\00\00\00\00\00\00\00\00\00\00\00\00\00\00\00\00\00\00\00\00\00\00\00\00\00\00\00\00\00\00\00\00\00\00\00\00\00\00\00\00\00\00\00\00\00\00\00\00\00\00\00\00\00\00\00\00\00\00\00\00\00\00\00\00\00\00\00\00\00\00\00\00\00\00\00
2018-12-14-03:02:31	2018-12-14-02:02:30	65	328200	86	433600	74	350400	80	346900	11	40500	20	84300	17	67400	22	75500	0	0	0	0	45	0	0	8.1154	5.24906	7.27489	\00\00\00\00\00\00\00\00\00\00\00\00\00\00\00\00\00\00\00\00\00\00\00\00\00\00\00\00\00\00\00\00\00\00\00\00\00\00\00\00\00\00\00\00\00\00\00\00\00\00\00\00\00\00\00\00\00\00\00\00\00\00\00\00\00\00\00\00\00\00\00\00\00\00\00\00\00\00\00\00\00\00\00\00\00\00\00\00\00\00\00\00\00\00\00\00\00\00
2018-12-14-04:02:32	2018-12-14-03:02:31	81	371000	77	372700	82	403600	72	400900	18	69200	16	61800	27	115600	14	51700	0	0	0	0	46	0	0	8.33414	5.39306	7.48713	\00\00\00\00\00\00\00\00\00\00\00\00\00\00\00\00\00\00\00\00\00\00\00\00\00\00\00\00\00\00\00\00\00\00\00\00\00\00\00\00\00\00\00\00\00\00\00\00\00\00\00\00\00\00\00\00\00\00\00\00\00\00\00\00\00\00\00\00\00\00\00\00\00\00\00\00\00\00\00\00\00\00\00\00\00\00\00\00\00\00\00\00\00\00\00\00
2018-12-14-05:02:33	2018-12-14-04:02:32	70	328600	81	409400	80	392800	74	345300	12	42900	22	86000	26	95300	14	44900	0	0	0	0	47	0	0	8.61173	5.49817	7.74076	\00\00\00\00\00\00\00\00\00\00\00\00\00\00\00\00\00\00\00\00\00\00\00\00\00\00\00\00\00\00\00\00\00\00\00\00\00\00\00\00\00\00\00\00\00\00\00\00\00\00\00\00\00\00\00\00\00\00\00\00\00\00\00\00\00\00\00\00\00\00\00\00\00\00\00\00\00\00\00\00\00\00\00\00\00\00\00\00\00\00\00\00\00\00\00\00\00
2018-12-14-06:02:34	2018-12-14-05:02:33	86	402300	78	383500	74	323300	75	399400	27	75900	22	98300	22	65100	9	24200	0	0	0	0	53	0	0	8.87227	5.64013	7.95147	\00\00\00\00\00\00\00\00\00\00\00\00\00\00\00\00\00\00\00\00\00\00\00\00\00\00\00\00\00\00\00\00\00\00\00\00\00\00\00\00\00\00\00\00\00\00\00\00\00\00\00\00\00\00\00\00\00\00\00\00\00\00\00\00\00\00\00\00\00\00\00\00\00\00\00\00\00\00\00\00\00\00\00\00\00\00\00\00\00\00\00\00\00\00\00\00\00\00
2018-12-14-07:02:35	2018-12-14-06:02:34	78	330400	76	373800	81	394300	79	382500	20	62600	20	70000	21	80700	17	62900	0	0	0	0	54	0	0	9.1012	5.80115	8.17086	\00\00\00\00\00\00\00\00\00\00\00\00\00\00\00\00\00\00\00\00\00\00\00\00\00\00\00\00\00\00\00\00\00\00\00\00\00\00\00\00\00\00\00\00\00\00\00\00\00\00\00\00\00\00\00\00\00\00\00\00\00\00\00\00\00\00\00\00\00\00\00\00\00\00\00\00\00\00\00\00\00\00\00\00\00\00\00\00\00\00\00\00\00\00\00\00\00\00
2018-12-14-08:02:36	2018-12-14-07:02:35	77	321900	79	399200	72	337500	82	439600	22	74300	20	72400	23	79100	15	60300	0	0	0	0	47	0	0	9.36451	5.91142	8.43493	\00\00\00\00\00\00\00\00\00\00\00\00\00\00\00\00\00\00\00\00\00\00\00\00\00\00\00\00\00\00\00\00\00\00\00\00\00\00\00\00\00\00\00\00\00\00\00\00\00\00\00\00\00\00\00\00\00\00\00\00\00\00\00\00\00\00\00\00\00\00\00\00\00\00\00\00\00\00\00\00\00\00\00\00\00\00\00\00\00\00\00\00\00\00\00\00\00
2018-12-14-09:02:37	2018-12-14-08:02:36	68	334900	71	336200	81	352800	71	319000	13	40300	21	87800	19	66300	17	55600	0	0	0	0	50	0	0	9.63248	6.04289	8.62536	\00\00\00\00\00\00\00\00\00\00\00\00\00\00\00\00\00\00\00\00\00\00\00\00\00\00\00\00\00\00\00\00\00\00\00\00\00\00\00\00\00\00\00\00\00\00\00\00\00\00\00\00\00\00\00\00\00\00\00\00\00\00\00\00\00\00\00\00\00\00\00\00\00\00\00\00\00\00\00\00\00\00\00\00\00\00\00\00\00\00\00\00\00\00\00\00\00
2018-12-14-10:02:38	2018-12-14-09:02:37	68	326800	71	324400	71	334100	84	395200	14	34300	16	62900	10	33500	26	97800	0	0	0	0	43	0	0	9.85138	6.15442	8.84874	\00\00\00\00\00\00\00\00\00\00\00\00\00\00\00\00\00\00\00\00\00\00\00\00\00\00\00\00\00\00\00\00\00\00\00\00\00\00\00\00\00\00\00\00\00\00\00\00\00\00\00\00\00\00\00\00\00\00\00\00\00\00\00\00\00\00\00\00\00\00\00\00\00\00\00\00\00\00\00\00\00\00\00\00\00\00\00\00\00\00\00\00\00\00\00\00\00
2018-12-14-11:02:39	2018-12-14-10:02:38	87	425700	89	446500	61	259500	58	292900	20	83900	26	104300	13	43800	13	45400	0	0	0	0	47	0	0	10.0283	6.31583	9.00549	\00\00\00\00\00\00\00\00\00\00\00\00\00\00\00\00\00\00\00\00\00\00\00\00\00\00\00\00\00\00\00\00\00\00\00\00\00\00\00\00\00\00\00\00\00\00\00\00\00\00\00\00\00\00\00\00\00\00\00\00\00\00\00\00\00\00\00\00\00\00\00\00\00\00\00\00\00\00\00\00\00\00\00\00\00\00\00\00\00\00\00\00\00\00\00\00
2018-12-14-12:02:40	2018-12-14-11:02:39	85	383400	64	313700	75	374900	69	297000	22	80800	10	33600	18	67100	15	44600	0	0	0	0	47	0	0	10.3117	6.43183	9.1941	\00\00\00\00\00\00\00\00\00\00\00\00\00\00\00\00\00\00\00\00\00\00\00\00\00\00\00\00\00\00\00\00\00\00\00\00\00\00\00\00\00\00\00\00\00\00\00\00\00\00\00\00\00\00\00\00\00\00\00\00\00\00\00\00\00\00\00\00\00\00\00\00\00\00\00\00\00\00\00\00\00\00\00\00\00\00\00\00\00\00\00\00\00\00\00\00\00\00
